A = [-3 -4 -2; 1 0 0; 0 1 0];
B = [1;0;0];
C = [0 0 ]